10
911
99999
4110
7774
1000000000000000000
23664
112985933
325980173
86967865423423222
606907640
361204644
441111023
755511540
173364406
831449609
621379562234
97
783363936
503024178
415074756
495013926
94206288
546831758
916928958
952721066
756957726
686964645
845311144
145889984
167287452
825934833
405543174
432825288
336643145
17083676
948610565
695475748
224481923
811024165
335717429
545642099
613331783
245252792
819370116
821073423
50759254
37399376
325278872
669679149
151348036
527228618
668545970
529846707
67030505
502268816
17526862
870399277
89001152
355962525
504850458
613838018
81303456
394315231
995942496
383059653
482143516
157588839
307278990
97663960
977104127
233899064
156309849
166890855
482987400
439356458
571807861
991156502
3845839
650875805
27968672
826550067
790909706
228821584
222827591
692801338
449015970
820565769
327706178
328277864
533476724
619481175
645880046
575445274
666289182
629397361
839454600
183980662
380663096
242106917
98130275
537964827
760188642
350884248
142205793
12323
0